VERT_surface1
0.1  0.4
0.1  0.1
0.4  0.1
0.4 -0.1
0.1 -0.1
0.1 -0.4
-0.1 -0.4
-0.1 -0.1
-0.4 -0.1
-0.4  0.1
-0.1  0.1
-0.1  0.4
VERT_surface2
-0.90 -0.90
-0.75 -0.90
-0.65 -0.80
-0.60 -0.90
-0.55 -0.90
-0.55 -0.80
-0.50 -0.70
-0.40 -0.70
-0.30 -0.90
0.00 -0.90
0.05 -0.80
0.00 -0.70
0.30 -0.70
0.15 -0.90
0.90 -0.90
0.70 0.00
0.90 0.90
0.00 0.70
-0.90 0.90
-0.70 0.00
-0.90 -0.90
VERT_gate
-0.1  0.4
0.1  0.4
VERT_guns
-0.15 -0.9 0
0.7 -0.9 0
0.0 -0.4 180
VERT_exit
0.0 0.0
VERT_cofg
0.0 0.0 0.0000015
VERT_ship
0.5 0.5
