// two forward slashes at beginning of line to comment sections out.
// Key name and all associated verts must be commented out for game to still function.
VERT_ship
0.0 0.0
VERT_surface1
0.9 0.118487
0.838666 0.347387
0.720179 0.552613
0.552612 0.72018
0.347386 0.838667
0.118486 0.9
-0.118489 0.9
-0.347389 0.838666
-0.552615 0.720178
-0.720181 0.552611
-0.838668 0.347384
-0.9 0.118484
-0.899999 -0.118491
-0.838665 -0.347391
-0.720177 -0.552616
-0.55261 -0.720182
-0.347383 -0.838668
-0.118482 -0.900001
0.118493 -0.899999
0.347392 -0.838664
0.552617 -0.720176
0.720183 -0.552608
0.838669 -0.347381
0.900001 -0.118481
0.9 0.118487
VERT_surface2
-0.115796 -0.279555
-0.184205 -0.240059
-0.24006 -0.184204
-0.279556 -0.115795
-0.3 -0.0394947
-0.3 0.0394969
-0.279555 0.115797
-0.240059 0.184205
-0.184203 0.240061
-0.115794 0.279556
-0.0394941 0.3
0.0394974 0.3
0.115797 0.279555
0.184206 0.240059
0.240061 0.184203
0.279556 0.115794
0.3 0.0394958
0.3 -0.0394958
0.279555 -0.115796
0.24006 -0.184205
0.184204 -0.24006
0.115795 -0.279556
VERT_gate
-0.115794 0.279556
-0.115794 0.1
0.115797 0.1
0.115797 0.279555
VERT_guns
-0.9 0.0 270
0.9 0.0 90
VERT_exit
0.0 0.2
//VERT_cofg
//0.0 0.0 0.00000
