VERT_surface1
0.95 0.0329132
0.932963 0.0964965
0.90005 0.153504
0.853503 0.20005
0.796496 0.232963
0.732913 0.25
0.667086 0.25
0.603503 0.232963
0.546496 0.200049
0.49995 0.153503
0.467037 0.0964956
0.45 0.0329123
0.45 -0.0329141
0.467037 -0.0964974
0.499951 -0.153505
0.546497 -0.200051
0.603505 -0.232963
0.667088 -0.25
0.732915 -0.25
0.796498 -0.232962
0.853505 -0.200049
0.900051 -0.153502
0.932964 -0.0964948
0.95 -0.0329113
-0.45 0.0329132
-0.467037 0.0964965
-0.49995 0.153504
-0.546497 0.20005
-0.603504 0.232963
-0.667087 0.25
-0.732914 0.25
-0.796497 0.232963
-0.853504 0.200049
-0.90005 0.153503
-0.932963 0.0964956
-0.95 0.0329123
-0.95 -0.0329141
-0.932962 -0.0964974
-0.900049 -0.153505
-0.853503 -0.200051
-0.796495 -0.232963
-0.732912 -0.25
-0.667085 -0.25
-0.603502 -0.232962
-0.546495 -0.200049
-0.499949 -0.153502
-0.467036 -0.0964948
-0.45 -0.0329113
0.25 0.732913
0.232963 0.796497
0.20005 0.853504
0.153503 0.90005
0.0964961 0.932963
0.0329127 0.95
-0.0329136 0.95
-0.0964969 0.932963
-0.153504 0.900049
-0.20005 0.853503
-0.232963 0.796496
-0.25 0.732912
-0.25 0.667086
-0.232963 0.603503
-0.200049 0.546495
-0.153503 0.499949
-0.0964952 0.467037
-0.0329117 0.45
0.0329146 0.45
0.0964978 0.467038
0.153505 0.499951
0.200051 0.546498
0.232964 0.603505
0.25 0.667089
0.25 -0.667087
0.232963 -0.603503
0.20005 -0.546496
0.153503 -0.49995
0.0964961 -0.467037
0.0329127 -0.45
-0.0329136 -0.45
-0.0964969 -0.467037
-0.153504 -0.499951
-0.20005 -0.546497
-0.232963 -0.603504
-0.25 -0.667088
-0.25 -0.732914
-0.232963 -0.796497
-0.200049 -0.853504
-0.153503 -0.900051
-0.0964952 -0.932963
-0.0329117 -0.95
0.0329146 -0.95
0.0964978 -0.932962
0.153505 -0.900049
0.200051 -0.853502
0.232964 -0.796495
0.25 -0.732911
0.25 0.0329132
0.232963 0.0964965
0.20005 0.153504
0.153503 0.20005
0.0964961 0.232963
0.0329127 0.25
-0.0329136 0.25
-0.0964969 0.232963
-0.153504 0.200049
-0.20005 0.153503
-0.232963 0.0964956
-0.25 0.0329123
-0.25 -0.0329141
-0.232963 -0.0964974
-0.200049 -0.153505
-0.153503 -0.200051
-0.0964952 -0.232963
-0.0329117 -0.25
0.0329146 -0.25
0.0964978 -0.232962
0.153505 -0.200049
0.200051 -0.153502
0.232964 -0.0964948
0.25 -0.0329113
VERT_surface2
-0.60 -0.10
-0.60  0.10
-0.40  0.10
-0.40 -0.10
-0.60 -0.10
VERT_surface3
 0.40 -0.10
 0.40  0.10
 0.60  0.10
 0.60 -0.10
 0.40 -0.10
VERT_gate
-0.1  0.7
0.1  0.7
0.1  0.5
-0.1 0.5
-0.1 0.7
VERT_guns
-0.6 0.0 90
 0.6 0.0 270
VERT_exit
0.0 0.6
VERT_cofg
-0.5 0.0 0.000001
0.5 0.0 0.000001
VERT_ship
0.0 0.0
