VERT_surface1
0.4670 -0.6035   
0.4500 -0.6671   
0.4500 -0.7329   
0.4670 -0.7965   
0.5000 -0.8535   
0.5465 -0.9001   
0.6035 -0.9330   
0.6671 -0.9500   
0.7329 -0.9500   
0.7965 -0.9330   
0.8535 -0.9000   
0.9001 -0.8535   
0.9330 -0.7965   
0.9500 -0.7329   
0.9500 -0.6671   
0.9500 -0.6671   
0.9330 -0.6035   
0.9000 -0.5465   
0.8535 -0.5000   
0.7965 -0.4670   
0.7329 -0.4500   
0.6671 -0.4500   
0.1000 0.0768   
0.1000 0.6000   
0.6000 0.6000   
0.6000 0.5000   
0.9000 0.5000   
0.9000 0.9000   
0.6000 0.9000   
0.6000 0.8000   
-0.1000 0.8000   
-0.1000 0.2626   
-0.4670 0.6035   
-0.4500 0.6671   
-0.4500 0.7329   
-0.4500 0.7329   
-0.4670 0.7965   
-0.5000 0.8535   
-0.5465 0.9000   
-0.6035 0.9330   
-0.6671 0.9500   
-0.7329 0.9500   
-0.7965 0.9330   
-0.8535 0.9000   
-0.9001 0.8535   
-0.9330 0.7965   
-0.9500 0.7329   
-0.9500 0.6671   
-0.9330 0.6035   
-0.9000 0.5465   
-0.8535 0.4999   
-0.7965 0.4670   
-0.7329 0.4500   
-0.6671 0.4500   
-0.1000 -0.0768   
-0.1000 -0.3000   
-0.8000 -0.3000   
-0.9000 -0.4000   
-0.9000 -0.8000   
-0.8000 -0.9000   
0.3000 -0.9000   
0.3000 -0.6000   
0.1000 -0.6000   
0.1000 -0.2626   
0.4670 -0.6035
VERT_surface2
-0.6 -0.45
-0.4 -0.6
-0.6 -0.75
-0.6 -0.45
VERT_gate
0.6  0.6
0.6  0.8
VERT_guns
-0.8500 -0.35 -135
-0.8500 -0.85 -45
-0.8535 0.5067 -35 
0.5465 -0.8932 -35

VERT_exit
0.75 0.7
VERT_cofg
-0.85 0.85 0.000001
0.85 -0.85 0.000001
VERT_ship
0.0 0.0
